1953	2.9	1.96	1.6851416
1953.25	2.7	2.19	1.4489523
1953.5	2.6	2.04	1.0120002
1953.75	3.1	1.38	0.98077029
1954	4.9	1.18	1.332379
1954.25	5.9	0.97	1.2964184
1954.5	5.8	0.72	0.90879229
1954.75	5.7	0.98	0.70933595
1955	4.9	1.22	0.68459658
1955.25	4.7	1.59	1.0629067
1955.5	4	1.6	1.8391927
1955.75	4.3	2.23	2.3893374
1956	4	2.41	2.9949814
1956.25	4	2.6	3.3751878
1956.5	4.4	2.31	3.8037398
1956.75	3.9	2.9	3.7358451
1957	4.2	3.11	3.9086241
1957.25	3.9	3.07	3.6646769
1957.5	4.2	3.16	3.2794457
1957.75	4.5	3.58	3.1932259
1958	5.8	2.44	2.8993546
1958.25	7.4	1.13	2.633819
1958.5	7.5	0.91	2.1367521
1958.75	6.7	2.63	1.769649
1959	6	2.82	1.3377763
1959.25	5.2	2.95	1.0440552
1959.5	5.1	3.2	1.0508903
1959.75	5.7	4.05	1.2871576
1960	5.2	4.35	1.0783366
1960.25	5.2	3.23	1.371252
1960.5	5.5	2.3	1.5551276
1960.75	6.1	2.3	1.5968925
1961	6.6	2.24	1.4686887
1961.25	7	2.29	1.2098119
1961.5	7	2.24	1.0050728
1961.75	6.5	2.3	0.82129708
1962	5.8	2.72	1.282414
1962.25	5.6	2.73	1.360064
1962.5	5.4	2.92	1.3658766
1962.75	5.4	2.74	1.4559925
1963	5.7	2.91	1.163765
1963.25	5.7	2.9	1.0028786
1963.5	5.6	3.18	0.91683645
1963.75	5.5	3.45	1.1628444
1964	5.6	3.52	1.237806
1964.25	5.3	3.47	1.466397
1964.5	4.9	3.46	1.7711297
1964.75	5.1	3.57	1.6375496
1965	4.9	3.81	1.722649
1965.25	4.8	3.93	1.8393512
1965.5	4.4	3.84	1.7944094
1965.75	4.2	4.03	1.9522485
1966	4	4.59	2.1313673
1966.25	3.8	4.62	2.6335691
1966.5	3.8	4.8	3.1667995
1966.75	3.7	5.35	3.437954
1967	3.9	4.72	3.2987706
1967.25	3.8	3.84	2.9820987
1967.5	3.8	4.21	2.9365045
1967.75	4	4.56	3.1662269
1968	3.7	5	3.7779001
1968.25	3.5	5.38	4.2846921
1968.5	3.7	5.31	4.3374901
1968.75	3.4	5.35	4.6407062
1969	3.4	6.14	4.5667877
1969.25	3.4	6.11	4.7988053
1969.5	3.5	7	5.3083903
1969.75	3.7	7	5.1681318
1970	3.9	7.87	5.5772383
1970.25	4.6	6.51	5.6651005
1970.5	5	6.45	4.9724805
1970.75	5.5	5.91	4.9891296
1971	5.9	4.44	5.0940815
1971.25	5.9	3.86	5.0005467
1971.5	6	5.4	5.214247
1971.75	5.8	4.46	4.7127709
1972	5.8	3.38	4.8717859
1972.25	5.7	3.71	4.0959422
1972.5	5.6	3.98	4.0107228
1972.75	5.6	4.74	4.4017866
1973	4.9	5.41	4.0618501
1973.25	5	6.26	5.1785655
1973.5	4.8	8.01	6.2219138
1973.75	4.6	7.22	6.8027433
1974	5.1	7.77	7.5616438
1974.25	5.1	8.33	8.1415256
1974.5	5.5	7.55	9.3850126
1974.75	6	7.46	10.815522
1975	8.1	6.26	11.105451
1975.25	8.8	5.61	10.296101
1975.5	8.6	6.13	8.9864634
1975.75	8.4	5.96	7.6296909
1976	7.9	4.87	6.3813146
1976.25	7.7	4.86	5.9645952
1976.5	7.8	5.23	5.4300177
1976.75	7.7	4.92	5.3608512
1977	7.5	4.62	5.927541
1977.25	7.2	4.54	6.4867305
1977.5	6.9	5.19	6.5115704
1977.75	6.8	6.16	6.4872494
1978	6.4	6.44	6.4909887
1978.25	6.1	6.29	6.8265335
1978.5	6.2	7.01	7.1963008
1978.75	5.8	7.99	7.5682099
1979	5.9	9.35	7.7225631
1979.25	5.8	9.46	8.2513782
1979.5	5.7	9.24	8.6033859
1979.75	6	11.7	8.527
1980	6.3	12	8.9298754
1980.25	6.9	13.2	8.6979549
1980.5	7.8	8.06	8.9217995
1980.75	7.5	11.62	9.8203101
1981	7.5	15.02	10.260683
1981.25	7.2	13.69	9.782242
1981.5	7.2	14.95	9.325295
1981.75	7.9	13.54	8.1971304
1982	8.6	12.28	6.9433346
1982.25	9.3	12.7	6.3978697
1982.5	9.8	11.35	5.9201153
1982.75	10.4	7.71	5.2088824
1983	10.4	7.86	4.629404
1983.25	10.2	8.21	4.0927322
1983.5	9.4	9.08	3.7171839
1983.75	8.8	8.64	3.3726866
1984	8	8.9	3.764768
1984.25	7.7	9.69	3.9426026
1984.5	7.5	10.12	3.7334839
1984.75	7.4	9.74	3.5928507
1985	7.3	7.76	3.5039947
1985.25	7.3	7.95	3.1183736
1985.5	7.4	7.08	2.775449
1985.75	7.1	7.16	2.7883378
1986	6.7	7.07	2.1393466
1986.25	7.1	6.06	2.0980127
1986.5	7	5.83	2.2597172
1986.75	7	5.18	2.3627648
1987	6.6	5.43	2.6238324
1987.25	6.3	5.64	2.6802439
1987.5	6.1	5.69	2.791967
1987.75	6	6.13	2.7626459
1988	5.7	5.81	2.8270403
1988.25	5.4	5.91	3.2810271
1988.5	5.4	6.73	3.7140912
1988.75	5.4	7.35	3.837832
1989	5.4	8.27	4.0555764
1989.25	5.2	8.65	4.0453676
1989.5	5.2	7.88	3.5902754
1989.75	5.3	7.64	3.447243
1990	5.4	7.64	3.6100943
1990.25	5.4	7.77	3.8089403
1990.5	5.5	7.62	3.9790656
1990.75	5.9	7.17	4.099052
1991	6.4	6.22	4.0714526
1991.25	6.7	5.65	3.5265475
1991.5	6.8	5.58	3.3137119
1991.75	7	4.99	3.0366796
1992	7.3	3.8	2.5148813
1992.25	7.4	3.75	2.3968454
1992.5	7.7	3.21	2.1410371
1992.75	7.3	2.86	2.1619718
1993	7.3	3	2.2887858
1993.25	7.1	2.87	2.3105832
1993.5	6.9	3.04	2.3236745
1993.75	6.8	3.02	2.2839549
1994	6.6	2.98	2.1304244
1994.25	6.4	3.68	2.0135141
1994.5	6.1	4.33	2.1738394
1994.75	5.8	4.95	2.1655622
1995	5.6	5.71	2.1830844
1995.25	5.8	5.65	2.1238053
1995.5	5.7	5.42	1.9397956
1995.75	5.5	5.28	1.9525495
1996	5.6	5	1.9092557
1996.25	5.6	4.95	1.8761359
1996.5	5.5	5.15	1.932142
1996.75	5.2	4.99	1.8558458
1997	5.3	5.03	1.7802405
1997.25	5.1	5.16	1.7903114
1997.5	4.9	5.05	1.5702075
1997.75	4.7	4.97	1.4917156
1998	4.6	5.04	1.1930963
1998.25	4.3	4.95	1.0420711
1998.5	4.5	4.96	1.1293581
1998.75	4.5	3.96	1.0817408
1999	4.3	4.34	1.2258575
1999.25	4.3	4.29	1.4716879
1999.5	4.3	4.55	1.4510453
1999.75	4.1	4.86	1.6243382
2000	4	5.32	2.0745523
2000.25	3.8	5.66	2.1279209
2000.5	4	5.96	2.2637775
2000.75	3.9	6.11	2.2462554
2001	4.2	5.15	2.230794
2001.25	4.4	3.87	2.5155342
2001.5	4.6	3.51	2.4431121
2001.75	5.3	2.16	2.4183857
2002	5.7	1.65	2.0156245
2002.25	5.9	1.72	1.6169714
2002.5	5.8	1.68	1.6135943
2002.75	5.7	1.58	1.7493842
2003	5.8	1.17	2.1138934
2003.25	6	1.13	2.0511044
2003.5	6.2	0.9	2.1744755
2003.75	6	0.92	2.1710539
2004	5.7	0.88	2.3150688
2004.25	5.5	0.94	2.9186621
2004.5	5.5	1.33	2.9338936
2004.75	5.4	1.76	3.1771203
2005	5.2	2.33	3.1130419
2005.25	5.1	2.78	2.8001685
2005.5	5	3.22	3.0935632
2005.75	4.9	3.71	3.1082181
2006	4.7	4.24	3.0558095
2006.25	4.7	4.6	3.2754457
2006.5	4.8	4.95	2.9096952
